208500
181500
223500
140000
250000
143000
307000
200000
129900
118000
129500
345000
144000
279500
157000
132000
149000
90000
159000
139000
325300
139400
230000
129900
154000
256300
134800
306000
207500
68500
40000
149350
179900
165500
277500
309000
145000
153000
109000
82000
160000
170000
144000
130250
141000
319900
239686
249700
113000
127000
177000
114500
110000
385000
130000
180500
172500
196500
438780
124900
158000
101000
202500
140000
219500
317000
180000
226000
80000
225000
244000
129500
185000
144900
107400
91000
135750
127000
136500
110000
193500
153500
245000
126500
168500
260000
174000
164500
85000
123600
109900
98600
163500
133900
204750
185000
214000
94750
83000
128950
205000
178000
118964
198900
169500
250000
100000
115000
115000
190000
136900
180000
383970
217000
259500
176000
139000
155000
320000
163990
180000
100000
136000
153900
181000
84500
128000
87000
155000
150000
226000
244000
150750
220000
180000
174000
143000
171000
230000
231500
115000
260000
166000
204000
125000
130000
105000
222500
141000
115000
122000
372402
190000
235000
125000
79000
109500
269500
254900
320000
162500
412500
220000
103200
152000
127500
190000
325624
183500
228000
128500
215000
239000
163000
184000
243000
211000
172500
501837
100000
177000
200100
120000
200000
127000
475000
173000
135000
153337
286000
315000
184000
192000
130000
127000
148500
311872
235000
104000
274900
140000
171500
112000
149000
110000
180500
143900
141000
277000
145000
98000
186000
252678
156000
161750
134450
210000
107000
311500
167240
204900
200000
179900
97000
386250
112000
290000
106000
125000
192500
148000
403000
94500
128200
216500
89500
185500
194500
318000
113000
262500
110500
79000
120000
205000
241500
137000
140000
180000
277000
76500
235000
173000
158000
145000
230000
207500
220000
231500
97000
176000
276000
151000
130000
73000
175500
185000
179500
120500
148000
266000
241500
290000
139000
124500
205000
201000
141000
415298
192000
228500
185000
207500
244600
179200
164700
159000
88000
122000
153575
233230
135900
131000
235000
167000
142500
152000
239000
175000
158500
157000
267000
205000
149900
295000
305900
225000
89500
82500
360000
165600
132000
119900
375000
178000
188500
260000
270000
260000
187500
342643
354000
301000
126175
242000
87000
324000
145250
214500
78000
119000
139000
284000
207000
192000
228950
377426
214000
202500
155000
202900
82000
87500
266000
85000
140200
151500
157500
154000
437154
318061
190000
95000
105900
140000
177500
173000
134000
130000
280000
156000
145000
198500
118000
190000
147000
159000
165000
132000
162000
172400
134432
125000
123000
219500
61000
148000
340000
394432
179000
127000
187750
213500
76000
240000
192000
81000
125000
191000
426000
119000
215000
106500
100000
109000
129000
123000
169500
67000
241000
245500
164990
108000
258000
168000
150000
115000
177000
280000
339750
60000
145000
222000
115000
228000
181134
149500
239000
126000
142000
206300
215000
113000
315000
139000
135000
275000
109008
195400
175000
85400
79900
122500
181000
81000
212000
116000
119000
90350
110000
555000
118000
162900
172500
210000
127500
190000
199900
119500
120000
110000
280000
204000
210000
188000
175500
98000
256000
161000
110000
263435
155000
62383
188700
124000
178740
167000
146500
250000
187000
212000
190000
148000
440000
251000
132500
208900
380000
297000
89471
326000
374000
155000
164000
132500
147000
156000
175000
160000
86000
115000
133000
172785
155000
91300
34900
430000
184000
130000
120000
113000
226700
140000
289000
147000
124500
215000
208300
161000
124500
164900
202665
129900
134000
96500
402861
158000
265000
211000
234000
106250
150000
159000
184750
315750
176000
132000
446261
86000
200624
175000
128000
107500
39300
178000
107500
188000
111250
158000
272000
315000
248000
213250
133000
179665
229000
210000
129500
125000
263000
140000
112500
255500
108000
284000
113000
141000
108000
175000
234000
121500
170000
108000
185000
268000
128000
325000
214000
316600
135960
142600
120000
224500
170000
139000
118500
145000
164500
146000
131500
181900
253293
118500
325000
133000
369900
130000
137000
143000
79500
185900
451950
138000
140000
110000
319000
114504
194201
217500
151000
275000
141000
220000
151000
221000
205000
152000
225000
359100
118500
313000
148000
261500
147000
75500
137500
183200
105500
314813
305000
67000
240000
135000
168500
165150
160000
139900
153000
135000
168500
124000
209500
82500
139400
144000
200000
60000
93000
85000
264561
274000
226000
345000
152000
370878
143250
98300
155000
155000
84500
205950
108000
191000
135000
350000
88000
145500
149000
97500
167000
197900
402000
110000
137500
423000
230500
129000
193500
168000
137500
173500
103600
165000
257500
140000
148500
87000
109500
372500
128500
143000
159434
173000
285000
221000
207500
227875
148800
392000
194700
141000
755000
335000
108480
141500
176000
89000
123500
138500
196000
312500
140000
361919
140000
213000
55000
302000
254000
179540
109900
52000
102776
189000
129000
130500
165000
159500
157000
341000
128500
275000
143000
124500
135000
320000
120500
222000
194500
110000
103000
236500
187500
222500
131400
108000
163000
93500
239900
179000
190000
132000
142000
179000
175000
180000
299800
236000
265979
260400
98000
96500
162000
217000
275500
156000
172500
212000
158900
179400
290000
127500
100000
215200
337000
270000
264132
196500
160000
216837
538000
134900
102000
107000
114500
395000
162000
221500
142500
144000
135000
176000
175900
187100
165500
128000
161500
139000
233000
107900
187500
160200
146800
269790
225000
194500
171000
143500
110000
485000
175000
200000
109900
189000
582933
118000
227680
135500
223500
159950
106000
181000
144500
55993
157900
116000
224900
137000
271000
155000
224000
183000
93000
225000
139500
232600
385000
109500
189000
185000
147400
166000
151000
237000
167000
139950
128000
153500
100000
144000
130500
140000
157500
174900
141000
153900
171000
213000
133500
240000
187000
131500
215000
164000
158000
170000
127000
147000
174000
152000
250000
189950
131500
152000
132500
250580
148500
248900
129000
169000
236000
109500
200500
116000
133000
66500
303477
132250
350000
148000
136500
157000
187500
178000
118500
100000
328900
145000
135500
268000
149500
122900
172500
154500
165000
118858
140000
106500
142953
611657
135000
110000
153000
180000
240000
125500
128000
255000
250000
131000
174000
154300
143500
88000
145000
173733
75000
35311
135000
238000
176500
201000
145900
169990
193000
207500
175000
285000
176000
236500
222000
201000
117500
320000
190000
242000
79900
184900
253000
239799
244400
150900
214000
150000
143000
137500
124900
143000
270000
192500
197500
129000
119900
133900
172000
127500
145000
124000
132000
185000
155000
116500
272000
155000
239000
214900
178900
160000
135000
37900
140000
135000
173000
99500
182000
167500
165000
85500
199900
110000
139000
178400
336000
159895
255900
126000
125000
117000
395192
195000
197000
348000
168000
187000
173900
337500
121600
136500
185000
91000
206000
82000
86000
232000
136905
181000
149900
163500
88000
240000
102000
135000
100000
165000
85000
119200
227000
203000
187500
160000
213490
176000
194000
87000
191000
287000
112500
167500
293077
105000
118000
160000
197000
310000
230000
119750
84000
315500
287000
97000
80000
155000
173000
196000
262280
278000
139600
556581
145000
115000
84900
176485
200141
165000
144500
255000
180000
185850
248000
335000
220000
213500
81000
90000
110500
154000
328000
178000
167900
151400
135000
135000
154000
91500
159500
194000
219500
170000
138800
155900
126000
145000
133000
192000
160000
187500
147000
83500
252000
137500
197000
92900
160000
136500
146000
129000
176432
127000
170000
128000
157000
60000
119500
135000
159500
106000
325000
179900
274725
181000
280000
188000
205000
129900
134500
117000
318000
184100
130000
140000
133700
118400
212900
112000
118000
163900
115000
174000
259000
215000
140000
135000
93500
117500
239500
169000
102000
119000
94000
196000
144000
139000
197500
424870
80000
80000
149000
180000
174500
116900
143000
124000
149900
230000
120500
201800
218000
179900
230000
235128
185000
146000
224000
129000
108959
194000
233170
245350
173000
235000
625000
171000
163000
171900
200500
239000
285000
119500
115000
154900
93000
250000
392500
745000
120000
186700
104900
95000
262000
195000
189000
168000
174000
125000
165000
158000
176000
219210
144000
178000
148000
116050
197900
117000
213000
153500
271900
107000
200000
140000
290000
189000
164000
113000
145000
134500
125000
112000
229456
80500
91500
115000
134000
143000
137900
184000
145000
214000
147000
367294
127000
190000
132500
101800
142000
130000
138887
175500
195000
142500
265900
224900
248328
170000
465000
230000
178000
186500
169900
129500
119000
244000
171750
130000
294000
165400
127500
301500
99900
190000
151000
181000
128900
161500
180500
181000
183900
122000
378500
381000
144000
260000
185750
137000
177000
139000
137000
162000
197900
237000
68400
227000
180000
150500
139000
169000
132500
143000
190000
278000
281000
180500
119500
107500
162900
115000
138500
155000
140000
160000
154000
225000
177500
290000
232000
130000
325000
202500
138000
147000
179200
335000
203000
302000
333168
119000
206900
295493
208900
275000
111000
156500
72500
190000
82500
147000
55000
79000
130500
256000
176500
227000
132500
100000
125500
125000
167900
135000
52500
200000
128500
123000
155000
228500
177000
155835
108500
262500
283463
215000
122000
200000
171000
134900
410000
235000
170000
110000
149900
177500
315000
189000
260000
104900
156932
144152
216000
193000
127000
144000
232000
105000
165500
274300
466500
250000
239000
91000
117000
83000
167500
58500
237500
157000
112000
105000
125500
250000
136000
377500
131000
235000
124000
123000
163000
246578
281213
160000
137500
138000
137450
120000
193000
193879
282922
105000
275000
133000
112000
125500
215000
230000
140000
90000
257000
207000
175900
122500
340000
124000
223000
179900
127500
136500
274970
144000
142000
271000
140000
119000
182900
192140
143750
64500
186500
160000
174000
120500
394617
149700
197000
191000
149300
310000
121000
179600
129000
157900
240000
112000
92000
136000
287090
145000
84500
185000
185000
175000
210000
266500
142125
147500
169277
187758
183583
179317
150730
177150
172070
175110
162011
160726
157933
145291
159672
164167
150891
179460
185034
182352
183053
187823
186544
158230
190552
147183
185855
174350
201740
162986
162330
165845
180929
163481
187798
198822
194868
152605
147797
150521
146991
150306
151164
151133
156214
171992
173214
192429
190878
194542
191849
176363
176954
176521
179436
220079
175502
188321
163276
185911
171392
174418
179682
179423
171756
166849
181122
170934
159738
174445
174706
164507
163602
154126
171104
167735
183003
172580
165407
176363
175182
190757
167186
167839
173912
154034
156002
168173
168882
168173
157580
181922
155134
188885
183963
161298
188613
175080
174744
168175
182333
158307
193053
175031
160713
173186
191736
170401
164626
205469
209561
182271
178081
178425
162015
181722
156705
182902
157574
184380
169364
175846
189673
174401
179021
189196
139647
161468
171557
179447
169611
172088
171190
154850
158617
209258
177939
194631
213618
198342
138607
150778
146966
162182
176825
152799
180322
177508
208029
181987
160172
176761
176515
176270
183050
150011
159270
163419
163399
173364
169556
183690
176980
204773
174728
181873
177322
193927
181715
199270
177109
153909
162931
166386
173719
179757
179007
180370
185102
198825
184294
200443
181294
174354
172023
181666
179024
178324
184534
159397
178430
177743
179395
151713
151713
168434
153999
164096
166335
163020
155862
182760
201912
185988
183778
170935
184468
191569
232991
180980
164279
183859
185922
191742
199954
180690
163099
140791
166481
172080
191719
160741
157829
196896
159675
182084
179233
155774
181354
179605
181609
178221
175559
200328
178630
177174
172515
204032
176023
202202
181734
183982
188007
185922
183978
177199
181878
173622
180728
176477
184282
162062
182550
180987
178173
179980
173257
177271
175338
177548
175969
175011
185199
188514
185080
157304
194260
181262
157003
182924
181902
188985
185290
177304
166274
177807
180330
179069
175943
185199
167350
149315
139010
155412
171308
176220
177643
187222
185635
206492
181681
180500
206486
161334
176156
191642
191945
164146
179883
178071
188241
174559
182347
191507
199751
162106
164575
179176
177327
177818
186965
178762
183322
178903
186570
199144
172154
177444
166200
158995
168273
189680
181681
160277
197318
162228
187340
181065
190233
157929
168557
160805
221648
180539
182105
166380
178942
162804
183077
171728
164786
177427
197318
178658
185437
169759
173986
168607
194138
192502
176746
177604
193283
181627
169071
167398
150106
159650
179471
177109
166558
153796
174520
196297
169100
176911
169234
172386
156031
168202
166505
176507
180116
183072
189595
167523
210817
172942
145286
176468
159040
178518
169163
189786
181246
176349
205266
187397
208943
165014
182492
161718
180084
178534
151217
156342
188511
183570
225810
214217
187665
161157
187643
228156
220449
220522
156647
187388
178640
180847
159505
164305
180181
184602
193440
184199
196241
175588
179503
183658
193700
165399
186847
198127
183320
181613
178298
185733
180008
175127
183467
182705
152324
169878
183735
224118
169355
180054
174081
168494
181871
173554
169805
176192
204264
169630
185724
195699
189494
149607
154650
151579
185147
196314
210802
166271
154865
173575
179399
164280
171247
166878
188129
183517
175522
190060
174179
171059
183004
183601
163539
164677
162395
182207
192223
176391
181913
179136
196595
194822
148356
160387
181276
192474
157699
215785
181824
221813
165281
255629
173154
183884
200210
186599
192718
178628
180650
206003
166457
202916
192463
171775
175249
147086
149709
171411
178188
156491
180953
203909
175470
205578
199428
187599
192265
196666
155537
169543
202487
208232
173621
172414
164400
160480
156060
157437
158163
154849
152186
180340
178344
190170
168092
178757
174518
198168
176882
183801
196400
172281
196380
198228
195556
186453
181869
175610
183438
179584
182386
160750
182477
187720
187201
176385
175901
182584
195664
181420
176676
181594
178521
175895
168468
200973
197030
192867
196449
141684
153353
151143
163753
158682
144959
160144
156286
165726
182427
173310
173310
151556
158908
209834
192410
174026
195499
200918
207243
196149
192097
178570
228617
199929
160206
179854
185987
161122
175949
183683
176401
205832
177799
167565
186348
179782
169837
178817
174444
192834
196564
206977
157054
175142
159932
182801
181510
181613
186920
157950
176115
182744
180660
160775
186711
223581
172330
163474
175308
187462
180655
152121
159856
186559
183962
162107
162582
154407
181625
164810
176429
179188
145997
218676
188323
168690
165088
191435
168864
176041
215911
167388
163854
163299
178298
176376
170211
170818
174388
161112
172179
157798
169106
170129
157680
162690
146968
181507
191215
189432
207271
170030
148409
193850
193808
166300
163474
177473
157443
180681
183463
182481
193717
182782
175530
177804
159448
181338
178553
162820
188832
164682
181549
199158
152889
181150
181416
164391
185421
193981
178824
209270
177801
179053
178762
184655
191284
179598
167517
182873
177484
188444
179184
184365
184479
182927
178611
181943
175080
190720
198422
184482
139214
169233
180664
178818
180422
178601
183083
173163
185968
171226
281643
160031
162775
160735
166646
188384
165830
182138
171595
160337
191215
166956
186581
176450
193743
198882
176385
162447
193782
183653
210578
158527
163081
174388
191905
174388
161642
186939
172482
159695
157230
179188
157972
156804
211491
186537
200468
182241
157342
182022
181244
178556
189547
187948
194107
183521
183682
178483
184003
171318
162039
154846
194822
169788
178891
152084
139169
192439
161067
158762
175569
183659
280618
180051
176519
179028
177161
180081
205895
183389
178543
194798
162845
148103
201016
277936
249768
161596
158011
194089
181733
182852
189893
194650
187904
171774
177998
175648
196918
184299
182379
184050
158296
175053
162293
186328
151422
181969
189122
185645
182829
195848
198785
181676
194131
201416
185096
195158
184795
189168
216855
184946
189317
180803
175061
179074
145708
142398
161474
157025
163424
164692
152163
192383
182520
187254
176489
181520
186414
185197
178657
179731
161748
158608
178807
184187
181686
190311
192252
193954
181044
180258
199641
197530
191777
195779
202112
192343
185191
186760
177733
164430
185299
186414
176401
182381
176334
184901
180085
184901
183967
193046
168538
170157
196559
177133
181553
185770
177017
184123
165970
158151
177086
196373
172465
168590
158820
151611
152125
158404
160692
170175
169854
183410
180347
178930
153346
182675
180770
188714
191393
174016
183189
183621
168991
185306
189030
179208
174901
168337
158234
179562
174176
173931
184111
179374
207348
186983
206779
177472
156727
157090
160387
172410
191603
182152
180161
169652
182503
179714
180282
192600
166115
186379
184361
186220
198176
168437
178003
179180
191930
175590
176713
180159
188090
186184
223055
158270
184733
199926
175075
180917
182067
178238
173454
176821
183642
177254
168715
180096
160620
175286
153494
156407
162162
166809
172929
193514
181612
191745
171369
184425
170563
184522
164968
157939
151520
176129
171112
169762
162246
171339
189034
175758
163351
189806
175370
196895
176905
176866
163590
212693
192686
181578
166475
185998
185527
159027
181169
176732
191619
189114
180934
164573
173902
165625
179555
196899
207566
163899
189179
193892
178980
179749
197999
203717
185249
201691
181956
171895
187245
157816
191702
198599
187193
220514
181814
183750
183000
185830
185497
179613
164454
185127
178750
160927
192562
180990
180064
196070
180352
183367
176734
180848
187806
180521
181502
174525
188927
184728
179857
180962
179194
179591
180638
185846
195174
192474
164200
178403
170774
179879
177668
180174
170643
165448
195531
165314
172532
203310
175090
230841
155225
168322
165956
193956
171070
166285
182875
218108
174378
164731
156969
173388
177559
194297
174894
196544
179036
211423
208156
159233
210820
140196
198678
186818
175044
180031
176889
159638
154287
191885
177503
166548
164475
167484
188683
162243
180807
176279
163438
161495
216032
176632
168743
183810
156794
169136
183203
213252
190550
234707
135751
164228
153219
164210
163883
154892
197092
228148
178680
165643
222406
184021
170871
189562
170591
172934
186425
218648
183035
178378
184516
181419
196858
189228
208973
180269
159488
191490
228684
201842
209242
202357
168238
202524
170588
198375
170636
181991
183994
182951
174126
170575
175332
167522
168095
154406
170996
159056
181373
152272
168664
211007
182909
203926
179082
206260
181732
189698
203074
201670
173756
181387
184859
158313
151951
162537
178998
186732
187323
199437
185546
161595
154672
159355
155919
182424
178100
202577
177862
182056
191403
196264
209375
196691
192458
182242
183259
188108
171418
194698
174841
172965
189386
185682
176412
174976
180718
186131
165220
164115
182125
182285
196325
164865
182694
185425
171414
183433
176844
180568
185948
189388
142754
156106
155895
159851
185157
180716
176901
181017
183269
193550
170625
182012
179162
183269
180589
181465
196053
183421
167926
168027
182164
172469
181059
182997
166140
198515
193789
173550
176487
188813
178531
182145
179196
169618
170010
181739
172846
195560
180358
211817
176170
234492
182450
174902
173684
147196
175231
193417
183313
180882
186735
172922
202551
190485
173439
196613
178152
174519
172627
173732
209219
181059
188515
182164
188137
158893
189579
165229
162186
166374
161665
175079
203840
152129
181012
161305
203326
168385
183564
163784
171989
180839
170895
174071
259423
188000
179171
171022
174126
187625
199567
205328
166231
154743
159714
185563
171500
180983
183141
178498
224323
218200
182283
190054
160192
171289
151131
181721
172725
222438
235419
185150
184772
180658
209673
205939
165633
186030
160312
190702
175122
183783
178290
181605
187992
188885
189959
179258
181518
193008
186313
181499
174126
183918
184114
158540
197034
185170
221134
184306
199792
143237
177294
182368
176487
183849
184964
196395
188374
176261
163628
180618
161647
167129
174750
177560
192577
199202
182818
148217
188997
185807
177030
175942
172912
198359
184379
194255
209449
169979
188206
186412
196761
208353
166548
175942
166790
160515
192167
178751
198678
164553
156887
164185
212992
197468
180106
183972
245283
170351
195596
189369
223667
169335
167411
187709
196526
137402
165086
188506
172917
166274
167081
164788
219222
184924
187741
